学号后六位：001070
第零关：B8 00 1A F1 49 68 81 11 40 00 C3 00 68 FD 19 00 40 FD 19 00
第一关：00 00 00 00 00 00 00 00 00 00 00 00 00 00 00 00 F0 11 40 00
第二关：00 00 00 00 00 00 00 00 00 00 00 00 00 00 00 00 10 12 40 00 6C 85 40 00 00 1A F1 49
第三关：B8 00 1A F1 49 A3 04 90 40 00 68 60 12 40 00 C3 40 FD 19 00
第四关：（分三次输入）
第一次：B8 00 1A F1 49 A3 04 90 40 00 68 7C 11 40 00 C3 40 FD 19 00
第二次：68 7C 11 40 00 68 B0 12 40 00 C3 00 00 00 00 00 40 FD 19 00
第三次：B8 00 1A F1 49 68 81 11 40 00 C3 00 68 FD 19 00 40 FD 19 00


   